# Pricing per 1K tokens (input, output) in USD.
# Sources: openai.com/api/pricing, claude.com/pricing, ai.google.dev/pricing
# Last verified: 2026-03-28
#
# Phase PC1 (PROMPTS_AND_CONFIG.md §3-7): externalised from
# ``ari/cost_tracker.py``.  Add new models by appending a row here —
# no code change is needed.

# OpenAI
gpt-5.2:           [0.00175, 0.014]
gpt-5:             [0.00125, 0.010]
gpt-4o-mini:       [0.00015, 0.0006]
gpt-4o:            [0.0025, 0.010]
gpt-4:             [0.03, 0.06]
gpt-3.5-turbo:     [0.0005, 0.0015]
o3-mini:           [0.0011, 0.0044]
o4-mini:           [0.0011, 0.0044]
o3:                [0.002, 0.008]

# Anthropic
claude-opus-4-6:   [0.005, 0.025]
claude-sonnet-4-6: [0.003, 0.015]
claude-sonnet-4-5: [0.003, 0.015]
claude-opus-4-5:   [0.005, 0.025]
claude-opus-4-1:   [0.015, 0.075]
claude-opus-4:     [0.015, 0.075]
claude-sonnet-4:   [0.003, 0.015]
claude-haiku-4-5:  [0.001, 0.005]
claude-3-5-sonnet: [0.003, 0.015]
claude-3-opus:     [0.015, 0.075]

# Google Gemini
gemini-2.5-pro:    [0.00125, 0.010]
gemini-2.0-flash:  [0.0001, 0.0004]
gemini-1.5-pro:    [0.00125, 0.005]
